<?xml version="1.0" encoding="utf-8"?>
<COLLADA xmlns="http://www.collada.org/2005/11/COLLADASchema" version="1.4.1">
  <asset>
    <contributor>
      <author>Mixamo</author>
      <authoring_tool>COLLADA Mixamo exporter</authoring_tool>
      <comments/>
    </contributor>
    <created>2025-01-20T12:43:58Z</created>
    <modified>2025-01-20T12:43:58Z</modified>
    <revision/>
    <title/>
    <unit meter="0.010000"/>
    <up_axis>Y_UP</up_axis>
  </asset>
  <library_animations>
    <animation id="mixamorig1_Hips-anim" name="mixamorig1_Hips">
      <source id="mixamorig1_Hips-Matrix-animation-input">
        <float_array id="mixamorig1_Hips-Matrix-animation-input-array" count="116">

0.000000 0.033333 0.066667 0.100000 0.133333 0.166667 0.200000 0.233333 0.266667 0.300000 0.333333 0.366667 0.400000 0.433333 0.466667 0.500000
0.533333 0.566667 0.600000 0.633333 0.666667 0.700000 0.733333 0.766667 0.800000 0.833333 0.866667 0.900000 0.933333 0.966667 1.000000 1.033333
1.066667 1.100000 1.133333 1.166667 1.200000 1.233333 1.266667 1.300000 1.333333 1.366667 1.400000 1.433333 1.466667 1.500000 1.533333 1.566667
1.600000 1.633333 1.666667 1.700000 1.733333 1.766667 1.800000 1.833333 1.866667 1.900000 1.933333 1.966667 2.000000 2.033333 2.066667 2.100000
2.133333 2.166667 2.200000 2.233333 2.266667 2.300000 2.333333 2.366667 2.400000 2.433333 2.466667 2.500000 2.533333 2.566667 2.600000 2.633333
2.666667 2.700000 2.733333 2.766667 2.800000 2.833333 2.866667 2.900000 2.933333 2.966667 3.000000 3.033333 3.066667 3.100000 3.133333 3.166667
3.200000 3.233333 3.266667 3.300000 3.333333 3.366667 3.400000 3.433333 3.466667 3.500000 3.533333 3.566667 3.600000 3.633333 3.666667 3.700000
3.733333 3.766667 3.800000 3.833333</float_array>
        <technique_common>
          <accessor source="#mixamorig1_Hips-Matrix-animation-input-array" count="116">
            <param name="TIME" type="float"/>
          </accessor>
        </technique_common>
      </source>
      <source id="mixamorig1_Hips-Matrix-animation-output-transform">
        <float_array id="mixamorig1_Hips-Matrix-animation-output-transform-array" count="1856">

0.996811 0.043602 -0.066832 -0.994834 -0.036023 0.993201 0.110695 88.513115 0.071204 -0.107935 0.991605 1.231324 0.000000 0.000000 0.000000 1.000000
0.994866 0.052486 -0.086529 0.049950 -0.043931 0.994219 0.097970 88.540833 0.091171 -0.093666 0.991420 1.170102 0.000000 0.000000 0.000000 1.000000
0.992536 0.060105 -0.106111 1.161979 -0.051267 0.995135 0.084135 88.819511 0.110651 -0.078067 0.990789 1.218828 0.000000 0.000000 0.000000 1.000000
0.989733 0.068265 -0.125570 2.314260 -0.059673 0.995692 0.070963 89.358200 0.129873 -0.062742 0.989544 1.385949 0.000000 0.000000 0.000000 1.000000
0.986335 0.078395 -0.144907 3.477513 -0.070353 0.995727 0.059817 90.126648 0.148977 -0.048805 0.987635 1.659934 0.000000 0.000000 0.000000 1.000000
0.982558 0.091490 -0.161893 4.862521 -0.084095 0.995102 0.051970 91.944778 0.165855 -0.037450 0.985439 2.470502 0.000000 0.000000 0.000000 1.000000
0.977131 0.113337 -0.179913 6.249613 -0.102671 0.992418 0.067562 93.367828 0.186207 -0.047545 0.981360 3.458322 0.000000 0.000000 0.000000 1.000000
0.968172 0.143400 -0.205131 7.547399 -0.121914 0.985988 0.113864 94.278343 0.218585 -0.085232 0.972089 4.625419 0.000000 0.000000 0.000000 1.000000
0.967488 0.145583 -0.206816 7.587790 -0.123110 0.985385 0.117726 94.303596 0.220933 -0.088437 0.971271 4.681408 0.000000 0.000000 0.000000 1.000000
0.957336 0.177374 -0.228136 8.782887 -0.138069 0.974276 0.178107 94.637177 0.253859 -0.139010 0.957200 5.918064 0.000000 0.000000 0.000000 1.000000
0.947899 0.209282 -0.240186 10.014588 -0.150964 0.959005 0.239834 94.483406 0.280532 -0.191079 0.940633 7.295771 0.000000 0.000000 0.000000 1.000000
0.941288 0.234940 -0.242446 11.198574 -0.161819 0.944240 0.286751 94.016060 0.296296 -0.230683 0.926819 8.555248 0.000000 0.000000 0.000000 1.000000
0.935972 0.255303 -0.242438 12.265990 -0.171244 0.931776 0.320107 93.438538 0.307622 -0.258095 0.915836 9.644595 0.000000 0.000000 0.000000 1.000000
0.929535 0.273462 -0.247354 13.179662 -0.179156 0.921256 0.345240 92.923256 0.322287 -0.276598 0.905331 10.514412 0.000000 0.000000 0.000000 1.000000
0.920813 0.291853 -0.258699 13.981980 -0.186814 0.912343 0.364322 92.610085 0.342350 -0.287144 0.894620 11.107038 0.000000 0.000000 0.000000 1.000000
0.911175 0.310821 -0.270462 14.726418 -0.197255 0.905398 0.375959 92.581955 0.361732 -0.289215 0.886287 11.455502 0.000000 0.000000 0.000000 1.000000
0.903685 0.327793 -0.275508 15.432341 -0.211548 0.901181 0.378311 92.838760 0.372291 -0.283591 0.883728 11.553335 0.000000 0.000000 0.000000 1.000000
0.900108 0.340105 -0.272276 16.045231 -0.227119 0.899635 0.372926 93.255966 0.371783 -0.273835 0.887013 11.511641 0.000000 0.000000 0.000000 1.000000
0.900038 0.347429 -0.263105 16.514372 -0.240963 0.899757 0.363832 93.640038 0.363137 -0.264064 0.893533 11.439528 0.000000 0.000000 0.000000 1.000000
0.903153 0.349489 -0.249342 16.841166 -0.251871 0.901668 0.351505 93.783600 0.347671 -0.254661 0.902371 11.345234 0.000000 0.000000 0.000000 1.000000
0.909863 0.344856 -0.230704 17.112497 -0.259478 0.906825 0.332175 93.471855 0.323760 -0.242371 0.914569 11.097067 0.000000 0.000000 0.000000 1.000000
0.918692 0.335519 -0.208403 17.477190 -0.264013 0.914087 0.307803 92.538155 0.293772 -0.227756 0.928345 10.566370 0.000000 0.000000 0.000000 1.000000
0.925999 0.327516 -0.187775 17.933695 -0.266692 0.919534 0.288673 91.033615 0.267210 -0.217232 0.938834 9.793513 0.000000 0.000000 0.000000 1.000000
0.930593 0.320907 -0.176114 18.367865 -0.266462 0.923728 0.275181 89.244537 0.250989 -0.209154 0.945124 8.814419 0.000000 0.000000 0.000000 1.000000
0.935555 0.307973 -0.172887 18.794144 -0.260276 0.932088 0.251930 87.565796 0.238733 -0.190696 0.952177 7.524930 0.000000 0.000000 0.000000 1.000000
0.943801 0.285391 -0.166707 19.269115 -0.248686 0.945419 0.210567 86.319489 0.217701 -0.157276 0.963260 5.928711 0.000000 0.000000 0.000000 1.000000
0.953382 0.262723 -0.148456 19.737690 -0.238974 0.957721 0.160195 85.796814 0.184267 -0.117250 0.975858 4.275098 0.000000 0.000000 0.000000 1.000000
0.960682 0.248031 -0.124782 20.015324 -0.234873 0.965648 0.111172 86.156929 0.148070 -0.077492 0.985936 2.809016 0.000000 0.000000 0.000000 1.000000
0.964084 0.241511 -0.110519 20.036362 -0.235112 0.969596 0.067863 87.391121 0.123549 -0.039441 0.991554 1.686233 0.000000 0.000000 0.000000 1.000000
0.964091 0.239335 -0.115095 19.852182 -0.236988 0.970922 0.033865 89.172295 0.119853 -0.005373 0.992777 0.997942 0.000000 0.000000 0.000000 1.000000
0.961630 0.238193 -0.136131 19.563171 -0.238728 0.971004 0.012622 91.055031 0.135190 0.020361 0.990610 0.748816 0.000000 0.000000 0.000000 1.000000
0.957139 0.239159 -0.163364 19.265619 -0.241500 0.970384 0.005677 92.737167 0.159883 0.034019 0.986550 0.871095 0.000000 0.000000 0.000000 1.000000
0.951400 0.243317 -0.188772 19.001804 -0.245263 0.969365 0.013349 93.995560 0.186237 0.033599 0.981930 1.295558 0.000000 0.000000 0.000000 1.000000
0.944326 0.251854 -0.211702 18.799280 -0.249671 0.967607 0.037434 94.728775 0.214272 0.017506 0.976617 2.038506 0.000000 0.000000 0.000000 1.000000
0.935714 0.264901 -0.232951 18.658955 -0.252473 0.964106 0.082206 94.936554 0.246366 -0.018108 0.969008 3.189052 0.000000 0.000000 0.000000 1.000000
0.926863 0.281570 -0.248282 18.562830 -0.250873 0.956592 0.148307 94.666359 0.279263 -0.075173 0.957268 4.763637 0.000000 0.000000 0.000000 1.000000
0.920295 0.299519 -0.251686 18.487873 -0.245601 0.943074 0.224259 93.987823 0.304529 -0.144570 0.941468 6.598155 0.000000 0.000000 0.000000 1.000000
0.917334 0.315829 -0.242384 18.367760 -0.241757 0.925629 0.291144 93.016739 0.316309 -0.208478 0.925465 8.264997 0.000000 0.000000 0.000000 1.000000
0.916868 0.329486 -0.225370 18.159082 -0.243714 0.909163 0.337678 91.959869 0.316158 -0.254680 0.913883 9.394844 0.000000 0.000000 0.000000 1.000000
0.916666 0.341246 -0.208024 17.866720 -0.250766 0.896408 0.365471 91.025085 0.311190 -0.282850 0.907280 10.026518 0.000000 0.000000 0.000000 1.000000
0.914998 0.351783 -0.197555 17.522524 -0.258855 0.887449 0.381350 90.407471 0.309472 -0.297796 0.903075 10.301575 0.000000 0.000000 0.000000 1.000000
0.911296 0.360869 -0.198274 17.171085 -0.264521 0.882121 0.389733 90.233620 0.315544 -0.302714 0.899331 10.285215 0.000000 0.000000 0.000000 1.000000
0.906145 0.367830 -0.208814 16.836681 -0.267454 0.880746 0.390839 90.554550 0.327674 -0.298308 0.896461 9.950485 0.000000 0.000000 0.000000 1.000000
0.901623 0.370854 -0.222583 16.505610 -0.269305 0.884035 0.382043 91.319466 0.338453 -0.284515 0.896939 9.278866 0.000000 0.000000 0.000000 1.000000
0.900625 0.367355 -0.232216 16.139351 -0.270943 0.892384 0.360888 92.337585 0.339800 -0.262108 0.903236 8.455466 0.000000 0.000000 0.000000 1.000000
0.904505 0.356586 -0.233917 15.742737 -0.271969 0.904806 0.327657 93.403351 0.328487 -0.232749 0.915382 7.572948 0.000000 0.000000 0.000000 1.000000
0.912516 0.339356 -0.228368 15.360323 -0.271035 0.919783 0.283795 94.340698 0.306356 -0.197072 0.931294 6.693287 0.000000 0.000000 0.000000 1.000000
0.923570 0.315732 -0.217557 15.002704 -0.266066 0.936287 0.229293 94.947273 0.276091 -0.153883 0.948733 5.852752 0.000000 0.000000 0.000000 1.000000
0.936782 0.286967 -0.200223 14.669783 -0.256239 0.952261 0.165952 95.010223 0.238288 -0.104156 0.965593 4.966822 0.000000 0.000000 0.000000 1.000000
0.950561 0.257040 -0.174253 14.470395 -0.241647 0.964688 0.104807 94.368530 0.195039 -0.057517 0.979107 3.895637 0.000000 0.000000 0.000000 1.000000
0.962379 0.229156 -0.145991 14.474489 -0.221970 0.972953 0.063965 93.016914 0.156701 -0.029153 0.987216 2.718482 0.000000 0.000000 0.000000 1.000000
0.970770 0.201161 -0.130917 14.629566 -0.196292 0.979309 0.049221 91.145485 0.138109 -0.022084 0.990171 1.592728 0.000000 0.000000 0.000000 1.000000
0.976403 0.167270 -0.136594 14.786084 -0.162712 0.985694 0.043957 89.024963 0.141992 -0.020694 0.989651 0.550215 0.000000 0.000000 0.000000 1.000000
0.980300 0.127214 -0.151089 14.841309 -0.124041 0.991815 0.030283 87.059296 0.153704 -0.010945 0.988056 -0.424864 0.000000 0.000000 0.000000 1.000000
0.983893 0.087218 -0.156040 14.736179 -0.086859 0.996179 0.009130 85.659088 0.156240 0.004570 0.987708 -1.265254 0.000000 0.000000 0.000000 1.000000
0.988425 0.050051 -0.143213 14.355218 -0.051962 0.998603 -0.009632 84.995499 0.142531 0.016962 0.989645 -1.872798 0.000000 0.000000 0.000000 1.000000
0.993255 0.019162 -0.114354 13.715599 -0.021985 0.999483 -0.023478 85.332375 0.113845 0.025834 0.993163 -2.168156 0.000000 0.000000 0.000000 1.000000
0.997415 -0.008012 -0.071410 12.873434 0.005482 0.999353 -0.035558 86.636711 0.071648 0.035074 0.996813 -2.169369 0.000000 0.000000 0.000000 1.000000
0.999371 -0.031105 -0.017056 11.900110 0.030274 0.998437 -0.046975 88.615639 0.018491 0.046429 0.998750 -1.939253 0.000000 0.000000 0.000000 1.000000
0.997937 -0.048516 0.042049 10.778896 0.050832 0.997144 -0.055859 90.766113 -0.039219 0.057881 0.997553 -1.548935 0.000000 0.000000 0.000000 1.000000
0.993035 -0.061119 0.100723 9.482077 0.067251 0.996011 -0.058651 92.635025 -0.096736 0.065016 0.993184 -1.052444 0.000000 0.000000 0.000000 1.000000
0.984716 -0.073358 0.157962 8.061434 0.082135 0.995378 -0.049764 94.032990 -0.153582 0.061978 0.986190 -0.519067 0.000000 0.000000 0.000000 1.000000
0.973363 -0.089789 0.210954 6.583642 0.097004 0.994993 -0.024084 94.929115 -0.207735 0.043906 0.977199 0.011722 0.000000 0.000000 0.000000 1.000000
0.960656 -0.111771 0.254257 5.091162 0.110673 0.993682 0.018668 95.320808 -0.254737 0.010206 0.966957 0.600852 0.000000 0.000000 0.000000 1.000000
0.948850 -0.135087 0.285368 3.585430 0.118850 0.990184 0.073556 95.190361 -0.292503 -0.035878 0.955591 1.352006 0.000000 0.000000 0.000000 1.000000
0.939191 -0.157044 0.305381 2.093379 0.120914 0.983585 0.133945 94.584007 -0.321404 -0.088875 0.942762 2.207483 0.000000 0.000000 0.000000 1.000000
0.932107 -0.176858 0.316066 0.635900 0.118943 0.973745 0.194095 93.589859 -0.342095 -0.143323 0.928671 3.048520 0.000000 0.000000 0.000000 1.000000
0.926735 -0.194758 0.321296 -0.713785 0.115234 0.961281 0.250319 92.343575 -0.357607 -0.194955 0.913296 3.803756 0.000000 0.000000 0.000000 1.000000
0.921117 -0.210701 0.327335 -1.887997 0.110039 0.947495 0.300240 91.045151 -0.373409 -0.240537 0.895939 4.483682 0.000000 0.000000 0.000000 1.000000
0.914537 -0.224939 0.336190 -2.874542 0.104453 0.934260 0.340952 89.945969 -0.390783 -0.276697 0.877911 5.018832 0.000000 0.000000 0.000000 1.000000
0.909261 -0.238105 0.341395 -3.702418 0.103233 0.923594 0.369211 89.301857 -0.403222 -0.300466 0.864368 5.453581 0.000000 0.000000 0.000000 1.000000
0.908171 -0.249997 0.335749 -4.429149 0.111018 0.917200 0.382649 89.277031 -0.403610 -0.310236 0.860728 5.808141 0.000000 0.000000 0.000000 1.000000
0.910938 -0.259870 0.320406 -5.017396 0.127488 0.915971 0.380453 89.846275 -0.392351 -0.305721 0.867523 6.103281 0.000000 0.000000 0.000000 1.000000
0.914992 -0.267041 0.302455 -5.394338 0.148120 0.919609 0.363839 90.820229 -0.375301 -0.288110 0.880989 6.309021 0.000000 0.000000 0.000000 1.000000
0.918939 -0.270459 0.287059 -5.592864 0.167878 0.926841 0.335830 91.933998 -0.356886 -0.260417 0.897115 6.359598 0.000000 0.000000 0.000000 1.000000
0.922864 -0.269437 0.275183 -5.678047 0.183508 0.935840 0.300880 92.943901 -0.338595 -0.227173 0.913097 6.250336 0.000000 0.000000 0.000000 1.000000
0.926797 -0.264694 0.266429 -5.745566 0.193910 0.944799 0.264111 93.647736 -0.321630 -0.193114 0.926963 5.952733 0.000000 0.000000 0.000000 1.000000
0.930392 -0.258159 0.260240 -5.901741 0.200156 0.952544 0.229342 93.912460 -0.307097 -0.161290 0.937911 5.391835 0.000000 0.000000 0.000000 1.000000
0.933896 -0.251452 0.254184 -6.220988 0.203680 0.958435 0.199793 93.632233 -0.293858 -0.134814 0.946294 4.540763 0.000000 0.000000 0.000000 1.000000
0.938145 -0.244603 0.245057 -6.776651 0.203482 0.962134 0.181368 92.741959 -0.280141 -0.120285 0.952393 3.483767 0.000000 0.000000 0.000000 1.000000
0.942980 -0.236255 0.234461 -7.563014 0.196931 0.963895 0.179231 91.296883 -0.268340 -0.122839 0.955460 2.385788 0.000000 0.000000 0.000000 1.000000
0.947183 -0.224458 0.229049 -8.450889 0.182937 0.964795 0.188959 89.490395 -0.263398 -0.137077 0.954899 1.368333 0.000000 0.000000 0.000000 1.000000
0.950225 -0.207407 0.232497 -9.271371 0.162484 0.966599 0.198206 87.634651 -0.265841 -0.150564 0.952187 0.450645 0.000000 0.000000 0.000000 1.000000
0.952021 -0.186036 0.242995 -9.923158 0.139034 0.970268 0.198114 86.119125 -0.272626 -0.154824 0.949581 -0.367084 0.000000 0.000000 0.000000 1.000000
0.951719 -0.166090 0.258159 -10.383503 0.118887 0.974782 0.188854 85.283531 -0.283015 -0.149044 0.947464 -1.026336 0.000000 0.000000 0.000000 1.000000
0.948277 -0.154056 0.277554 -10.673615 0.107596 0.978573 0.175548 85.316353 -0.298652 -0.136605 0.944535 -1.458042 0.000000 0.000000 0.000000 1.000000
0.941645 -0.149466 0.301604 -10.780785 0.103666 0.981229 0.162611 86.165298 -0.320248 -0.121855 0.939464 -1.621578 0.000000 0.000000 0.000000 1.000000
0.931721 -0.149642 0.330911 -10.722445 0.104084 0.982970 0.151450 87.675880 -0.347939 -0.106667 0.931429 -1.511987 0.000000 0.000000 0.000000 1.000000
0.917628 -0.154814 0.366048 -10.528543 0.109696 0.983895 0.141131 89.585159 -0.382002 -0.089352 0.919832 -1.158003 0.000000 0.000000 0.000000 1.000000
0.898945 -0.165349 0.405656 -10.210096 0.121757 0.983849 0.131209 91.506783 -0.420800 -0.068559 0.904559 -0.600041 0.000000 0.000000 0.000000 1.000000
0.876966 -0.180825 0.445233 -9.791327 0.138953 0.982344 0.125271 93.089081 -0.460024 -0.047991 0.886608 0.118746 0.000000 0.000000 0.000000 1.000000
0.856220 -0.197128 0.477523 -9.193142 0.151872 0.979539 0.132053 93.984070 -0.493783 -0.040544 0.868639 0.935230 0.000000 0.000000 0.000000 1.000000
0.840337 -0.219124 0.495801 -8.603633 0.158781 0.974038 0.161367 94.365723 -0.518288 -0.056879 0.853312 1.838166 0.000000 0.000000 0.000000 1.000000
0.830618 -0.253190 0.495952 -8.293045 0.165257 0.962608 0.214653 94.536652 -0.531755 -0.096335 0.841401 2.872412 0.000000 0.000000 0.000000 1.000000
0.830404 -0.288047 0.476925 -8.112913 0.168046 0.945613 0.278525 94.282867 -0.531215 -0.151143 0.833646 3.961366 0.000000 0.000000 0.000000 1.000000
0.839364 -0.313622 0.443970 -7.933775 0.169138 0.926911 0.335004 93.422981 -0.516586 -0.206098 0.831061 4.931147 0.000000 0.000000 0.000000 1.000000
0.852153 -0.330008 0.406115 -7.786766 0.173236 0.910223 0.376143 92.273926 -0.493786 -0.250178 0.832818 5.670304 0.000000 0.000000 0.000000 1.000000
0.862561 -0.340587 0.374150 -7.585712 0.179040 0.897118 0.403886 91.147850 -0.473215 -0.281389 0.834798 6.197364 0.000000 0.000000 0.000000 1.000000
0.867681 -0.348387 0.354621 -7.290334 0.184069 0.887800 0.421817 90.285400 -0.461789 -0.300728 0.834454 6.573029 0.000000 0.000000 0.000000 1.000000
0.869518 -0.354097 0.344315 -6.960659 0.188979 0.882611 0.430446 89.847847 -0.456317 -0.309212 0.834364 6.824056 0.000000 0.000000 0.000000 1.000000
0.872108 -0.356036 0.335656 -6.634584 0.195501 0.882380 0.428002 89.883553 -0.448560 -0.307643 0.839136 6.977615 0.000000 0.000000 0.000000 1.000000
0.877781 -0.352116 0.324831 -6.286826 0.203287 0.887757 0.412991 90.377106 -0.433792 -0.296481 0.850837 7.050836 0.000000 0.000000 0.000000 1.000000
0.886776 -0.341470 0.311491 -5.923356 0.210385 0.898278 0.385791 91.232788 -0.411541 -0.276577 0.868412 7.007013 0.000000 0.000000 0.000000 1.000000
0.898892 -0.324473 0.294468 -5.539351 0.215146 0.912287 0.348490 92.285805 -0.381715 -0.249901 0.889856 6.863161 0.000000 0.000000 0.000000 1.000000
0.913774 -0.301665 0.272058 -5.151627 0.216234 0.928167 0.302902 93.342133 -0.343890 -0.217956 0.913365 6.657914 0.000000 0.000000 0.000000 1.000000
0.930036 -0.273716 0.245178 -4.788448 0.212650 0.945032 0.248383 94.209679 -0.299688 -0.178868 0.937120 6.374707 0.000000 0.000000 0.000000 1.000000
0.945464 -0.243499 0.216347 -4.432940 0.205874 0.961430 0.182396 94.731422 -0.252415 -0.127909 0.959128 5.921431 0.000000 0.000000 0.000000 1.000000
0.959050 -0.215124 0.184239 -4.050817 0.197590 0.974209 0.108977 94.782143 -0.202931 -0.068111 0.976821 5.214107 0.000000 0.000000 0.000000 1.000000
0.971913 -0.187555 0.142156 -3.717160 0.182320 0.982012 0.049111 94.307167 -0.148810 -0.021814 0.988625 4.320296 0.000000 0.000000 0.000000 1.000000
0.984555 -0.151180 0.088294 -3.605042 0.148940 0.988345 0.031466 93.341637 -0.092022 -0.017830 0.995597 3.442508 0.000000 0.000000 0.000000 1.000000
0.994562 -0.096490 0.039188 -3.798513 0.093742 0.993355 0.066776 91.864990 -0.045371 -0.062740 0.996998 2.736530 0.000000 0.000000 0.000000 1.000000
0.999015 -0.042265 0.013533 -3.906399 0.040565 0.993348 0.107773 90.369934 -0.017998 -0.107118 0.994083 2.172556 0.000000 0.000000 0.000000 1.000000
0.999934 -0.009194 -0.006822 -3.453887 0.009957 0.992497 0.121865 89.590828 0.005650 -0.121925 0.992523 1.845798 0.000000 0.000000 0.000000 1.000000
0.999523 0.014983 -0.027009 -2.784917 -0.011487 0.992060 0.125239 89.043159 0.028671 -0.124869 0.991759 1.580292 0.000000 0.000000 0.000000 1.000000
0.998393 0.031655 -0.047012 -1.949251 -0.025791 0.992380 0.120487 88.691635 0.050468 -0.119081 0.991601 1.377422 0.000000 0.000000 0.000000 1.000000
0.996811 0.043602 -0.066832 -0.994834 -0.036023 0.993201 0.110695 88.513115 0.071204 -0.107935 0.991605 1.231324 0.000000 0.000000 0.000000 1.000000</float_array>
        <technique_common>
          <accessor source="#mixamorig1_Hips-Matrix-animation-output-transform-array" count="116" stride="16">
            <param type="float4x4"/>
          </accessor>
        </technique_common>
      </source>
      <source id="mixamorig1_Hips-Interpolations">
        <Name_array id="mixamorig1_Hips-Interpolations-array" count="116">
 LINEAR LINEAR LINEAR LINEAR LINEAR LINEAR LINEAR LINEAR LINEAR LINEAR LINEAR
LINEAR LINEAR LINEAR LINEAR LINEAR LINEAR LINEAR LINEAR LINEAR LINEAR LINEAR LINEAR
LINEAR LINEAR LINEAR LINEAR LINEAR LINEAR LINEAR LINEAR LINEAR LINEAR LINEAR LINEAR
LINEAR LINEAR LINEAR LINEAR LINEAR LINEAR LINEAR LINEAR LINEAR LINEAR LINEAR LINEAR
LINEAR LINEAR LINEAR LINEAR LINEAR LINEAR LINEAR LINEAR LINEAR LINEAR LINEAR LINEAR
LINEAR LINEAR LINEAR LINEAR LINEAR LINEAR LINEAR LINEAR LINEAR LINEAR LINEAR LINEAR
LINEAR LINEAR LINEAR LINEAR LINEAR LINEAR LINEAR LINEAR LINEAR LINEAR LINEAR LINEAR
LINEAR LINEAR LINEAR LINEAR LINEAR LINEAR LINEAR LINEAR LINEAR LINEAR LINEAR LINEAR
LINEAR LINEAR LINEAR LINEAR LINEAR LINEAR LINEAR LINEAR LINEAR LINEAR LINEAR LINEAR
LINEAR LINEAR LINEAR LINEAR LINEAR LINEAR LINEAR LINEAR LINEAR</Name_array>
        <technique_common>
          <accessor source="#mixamorig1_Hips-Interpolations-array" count="116">
            <param type="name"/>
          </accessor>
        </technique_common>
      </source>
      <sampler id="mixamorig1_Hips-Matrix-animation-transform">
        <input semantic="INPUT" source="#mixamorig1_Hips-Matrix-animation-input"/>
        <input semantic="OUTPUT" source="#mixamorig1_Hips-Matrix-animation-output-transform"/>
        <input semantic="INTERPOLATION" source="#mixamorig1_Hips-Interpolations"/>
      </sampler>
      <channel source="#mixamorig1_Hips-Matrix-animation-transform" target="mixamorig1_Hips/matrix"/>
    </animation>
    <animation id="mixamorig1_Spine-anim" name="mixamorig1_Spine">
      <source id="mixamorig1_Spine-Matrix-animation-input">
        <float_array id="mixamorig1_Spine-Matrix-animation-input-array" count="116">

0.000000 0.033333 0.066667 0.100000 0.133333 0.166667 0.200000 0.233333 0.266667 0.300000 0.333333 0.366667 0.400000 0.433333 0.466667 0.500000
0.533333 0.566667 0.600000 0.633333 0.666667 0.700000 0.733333 0.766667 0.800000 0.833333 0.866667 0.900000 0.933333 0.966667 1.000000 1.033333
1.066667 1.100000 1.133333 1.166667 1.200000 1.233333 1.266667 1.300000 1.333333 1.366667 1.400000 1.433333 1.466667 1.500000 1.533333 1.566667
1.600000 1.633333 1.666667 1.700000 1.733333 1.766667 1.800000 1.833333 1.866667 1.900000 1.933333 1.966667 2.000000 2.033333 2.066667 2.100000
2.133333 2.166667 2.200000 2.233333 2.266667 2.300000 2.333333 2.366667 2.400000 2.433333 2.466667 2.500000 2.533333 2.566667 2.600000 2.633333
2.666667 2.700000 2.733333 2.766667 2.800000 2.833333 2.866667 2.900000 2.933333 2.966667 3.000000 3.033333 3.066667 3.100000 3.133333 3.166667
3.200000 3.233333 3.266667 3.300000 3.333333 3.366667 3.400000 3.433333 3.466667 3.500000 3.533333 3.566667 3.600000 3.633333 3.666667 3.700000
3.733333 3.766667 3.800000 3.833333</float_array>
        <technique_common>
          <accessor source="#mixamorig1_Spine-Matrix-animation-input-array" count="116">
            <param name="TIME" type="float"/>
          </accessor>
        </technique_common>
      </source>
      <source id="mixamorig1_Spine-Matrix-animation-output-transform">
        <float_array id="mixamorig1_Spine-Matrix-animation-output-transform-array" count="1856">

0.994969 -0.046716 0.088620 0.000000 0.066114 0.970818 -0.230525 9.717300 -0.075264 0.235225 0.969023 -1.180200 0.000000 0.000000 0.000000 1.000000
0.995595 -0.049199 0.079819 -0.000000 0.063883 0.979048 -0.193351 9.717300 -0.068634 0.197598 0.977878 -1.180200 0.000000 0.000000 0.000000 1.000000
0.996161 -0.049608 0.072129 0.000000 0.060190 0.986414 -0.152854 9.717300 -0.063567 0.156609 0.985613 -1.180200 0.000000 0.000000 0.000000 1.000000
0.996678 -0.047303 0.066291 0.000000 0.054604 0.992090 -0.113033 9.717300 -0.060420 0.116277 0.991377 -1.180200 0.000000 0.000000 0.000000 1.000000
0.997146 -0.042079 0.062681 0.000000 0.046875 0.995920 -0.077116 9.717300 -0.059180 0.079834 0.995050 -1.180200 0.000000 0.000000 0.000000 1.000000
0.997599 -0.026849 0.063846 0.000000 0.029666 0.998609 -0.043586 9.717300 -0.062587 0.045375 0.997008 -1.180200 0.000000 0.000000 0.000000 1.000000
0.998182 -0.013481 0.058743 0.000000 0.015608 0.999233 -0.035913 9.717300 -0.058214 0.036765 0.997627 -1.180200 0.000000 0.000000 0.000000 1.000000
0.998778 -0.001224 0.049405 -0.000000 0.004033 0.998378 -0.056795 9.717300 -0.049255 0.056925 0.997163 -1.180200 0.000000 0.000000 0.000000 1.000000
0.998815 -0.000469 0.048665 0.000000 0.003343 0.998253 -0.058992 9.717300 -0.048552 0.059085 0.997072 -1.180200 0.000000 0.000000 0.000000 1.000000
0.999280 0.010149 0.036548 0.000000 -0.006546 0.995227 -0.097371 9.717300 -0.037362 0.097062 0.994577 -1.180200 0.000000 0.000000 0.000000 1.000000
0.999599 0.020199 0.019851 -0.000000 -0.017182 0.989735 -0.141877 9.717300 -0.022513 0.141479 0.989685 -1.180200 0.000000 0.000000 0.000000 1.000000
0.999609 0.027971 -0.000066 -0.000000 -0.027554 0.984305 -0.174311 9.717300 -0.004811 0.174244 0.984691 -1.180200 0.000000 0.000000 0.000000 1.000000
0.999247 0.032656 -0.020972 0.000000 -0.035991 0.981913 -0.185879 9.717300 0.014523 0.186494 0.982349 -1.180200 0.000000 0.000000 0.000000 1.000000
0.998640 0.033817 -0.039676 0.000000 -0.040328 0.983408 -0.176870 9.717300 0.033036 0.178230 0.983434 -1.180200 0.000000 0.000000 0.000000 1.000000
0.998058 0.031784 -0.053581 0.000000 -0.039710 0.987266 -0.154041 9.717300 0.048002 0.155869 0.986611 -1.180200 0.000000 0.000000 0.000000 1.000000
0.997692 0.027634 -0.062020 0.000000 -0.035310 0.991363 -0.126300 9.717300 0.057994 0.128199 0.990051 -1.180200 0.000000 0.000000 0.000000 1.000000
0.997532 0.022942 -0.066362 0.000000 -0.029618 0.994402 -0.101423 9.717300 0.063664 0.103138 0.992628 -1.180200 0.000000 0.000000 0.000000 1.000000
0.997426 0.018923 -0.069156 0.000000 -0.024775 0.996093 -0.084763 9.717300 0.067282 0.086258 0.993998 -1.180200 0.000000 0.000000 0.000000 1.000000
0.997220 0.015578 -0.072871 0.000000 -0.021359 0.996626 -0.079248 9.717300 0.071390 0.080584 0.994188 -1.180200 0.000000 0.000000 0.000000 1.000000
0.996844 0.012031 -0.078467 -0.000000 -0.018749 0.996166 -0.085447 9.717300 0.077138 0.086649 0.993248 -1.180200 0.000000 0.000000 0.000000 1.000000
0.996402 0.007513 -0.084424 -0.000000 -0.016102 0.994703 -0.101518 9.717300 0.083215 0.102512 0.991245 -1.180200 0.000000 0.000000 0.000000 1.000000
0.996227 0.002209 -0.086753 -0.000000 -0.012960 0.992251 -0.123569 9.717300 0.085807 0.124227 0.988537 -1.180200 0.000000 0.000000 0.000000 1.000000
0.996750 -0.002690 -0.080514 0.000000 -0.009191 0.989119 -0.146829 9.717300 0.080033 0.147092 0.985880 -1.180200 0.000000 0.000000 0.000000 1.000000
0.998050 -0.005431 -0.062186 0.000000 -0.005060 0.985890 -0.167318 9.717300 0.062217 0.167307 0.983940 -1.180200 0.000000 0.000000 0.000000 1.000000
0.999478 -0.005092 -0.031901 0.000000 -0.000841 0.983065 -0.183255 9.717300 0.032294 0.183186 0.982548 -1.180200 0.000000 0.000000 0.000000 1.000000
0.999981 -0.001195 0.006028 -0.000000 0.002349 0.980775 -0.195128 9.717300 -0.005679 0.195138 0.980759 -1.180200 0.000000 0.000000 0.000000 1.000000
0.999000 0.004271 0.044501 0.000000 0.004910 0.978923 -0.204172 9.717300 -0.044436 0.204186 0.977923 -1.180200 0.000000 0.000000 0.000000 1.000000
0.996984 0.010456 0.076903 0.000000 0.005954 0.977660 -0.210107 9.717300 -0.077382 0.209931 0.974649 -1.180200 0.000000 0.000000 0.000000 1.000000
0.994921 0.016568 0.099289 0.000000 0.004667 0.977709 -0.209913 9.717300 -0.100554 0.209310 0.972665 -1.180200 0.000000 0.000000 0.000000 1.000000
0.993551 0.021845 0.111265 -0.000000 0.000736 0.980004 -0.198976 9.717300 -0.113387 0.197774 0.973668 -1.180200 0.000000 0.000000 0.000000 1.000000
0.993006 0.026249 0.115112 0.000000 -0.005790 0.984625 -0.174585 9.717300 -0.117925 0.172697 0.977890 -1.180200 0.000000 0.000000 0.000000 1.000000
0.992977 0.029067 0.114677 0.000000 -0.012890 0.990159 -0.139354 9.717300 -0.117599 0.136897 0.983580 -1.180200 0.000000 0.000000 0.000000 1.000000
0.993068 0.032515 0.112951 -0.000000 -0.020854 0.994470 -0.102928 9.717300 -0.115673 0.099859 0.988255 -1.180200 0.000000 0.000000 0.000000 1.000000
0.992997 0.039205 0.111449 0.000000 -0.030498 0.996425 -0.078781 9.717300 -0.114139 0.074830 0.990643 -1.180200 0.000000 0.000000 0.000000 1.000000
0.992629 0.051069 0.109912 -0.000000 -0.042613 0.996046 -0.077953 9.717300 -0.113458 0.072694 0.990880 -1.180200 0.000000 0.000000 0.000000 1.000000
0.991986 0.067374 0.106890 -0.000000 -0.056358 0.993091 -0.102926 9.717300 -0.113086 0.096077 0.988929 -1.180200 0.000000 0.000000 0.000000 1.000000
0.991350 0.084313 0.100581 -0.000000 -0.069148 0.986903 -0.145744 9.717300 -0.111551 0.137529 0.984196 -1.180200 0.000000 0.000000 0.000000 1.000000
0.991235 0.096898 0.089804 0.000000 -0.078246 0.978288 -0.191909 9.717300 -0.106450 0.183200 0.977295 -1.180200 0.000000 0.000000 0.000000 1.000000
0.992016 0.101654 0.074642 0.000000 -0.082301 0.970273 -0.227590 9.717300 -0.095559 0.219630 0.970892 -1.180200 0.000000 0.000000 0.000000 1.000000
0.993540 0.098540 0.056289 0.000000 -0.081920 0.966014 -0.245164 9.717300 -0.078535 0.238969 0.967846 -1.180200 0.000000 0.000000 0.000000 1.000000
0.995207 0.090636 0.036722 0.000000 -0.079031 0.966584 -0.243864 9.717300 -0.057598 0.239793 0.969114 -1.180200 0.000000 0.000000 0.000000 1.000000
0.996411 0.082673 0.018194 0.000000 -0.076420 0.970950 -0.226752 9.717300 -0.036412 0.224547 0.973783 -1.180200 0.000000 0.000000 0.000000 1.000000
0.996903 0.078594 0.002641 0.000000 -0.076530 0.977353 -0.197293 9.717300 -0.018087 0.196480 0.980341 -1.180200 0.000000 0.000000 0.000000 1.000000
0.996757 0.079988 -0.008785 0.000000 -0.080370 0.984165 -0.157988 9.717300 -0.003991 0.158182 0.987402 -1.180200 0.000000 0.000000 0.000000 1.000000
0.996192 0.085711 -0.015954 -0.000000 -0.086958 0.989980 -0.111258 9.717300 0.006258 0.112222 0.993663 -1.180200 0.000000 0.000000 0.000000 1.000000
0.995581 0.091782 -0.019877 0.000000 -0.092841 0.993795 -0.061252 9.717300 0.014132 0.062827 0.997924 -1.180200 0.000000 0.000000 0.000000 1.000000
0.995417 0.092964 -0.022439 -0.000000 -0.093307 0.995528 -0.014747 9.717300 0.020968 0.016773 0.999639 -1.180200 0.000000 0.000000 0.000000 1.000000
0.996009 0.085568 -0.025375 -0.000000 -0.085075 0.996176 0.019902 9.717300 0.026981 -0.017664 0.999480 -1.180200 0.000000 0.000000 0.000000 1.000000
0.997202 0.068661 -0.029570 -0.000000 -0.067602 0.997083 0.035441 9.717300 0.031917 -0.033343 0.998934 -1.180200 0.000000 0.000000 0.000000 1.000000
0.998401 0.044780 -0.034504 0.000000 -0.043805 0.998633 0.028524 9.717300 0.035734 -0.026967 0.998997 -1.180200 0.000000 0.000000 0.000000 1.000000
0.999074 0.018850 -0.038667 -0.000000 -0.018816 0.999822 0.001263 9.717300 0.038684 -0.000535 0.999251 -1.180200 0.000000 0.000000 0.000000 1.000000
0.999160 -0.004090 -0.040764 -0.000000 0.002493 0.999230 -0.039148 9.717300 0.040893 0.039013 0.998402 -1.180200 0.000000 0.000000 0.000000 1.000000
0.998959 -0.020081 -0.040954 -0.000000 0.016639 0.996434 -0.082718 9.717300 0.042469 0.081951 0.995731 -1.180200 0.000000 0.000000 0.000000 1.000000
0.998703 -0.030162 -0.041029 -0.000000 0.025045 0.992462 -0.119969 9.717300 0.044338 0.118786 0.991930 -1.180200 0.000000 0.000000 0.000000 1.000000
0.998332 -0.037982 -0.043474 -0.000000 0.031340 0.989026 -0.144379 9.717300 0.048481 0.142775 0.988567 -1.180200 0.000000 0.000000 0.000000 1.000000
0.997738 -0.043390 -0.051346 -0.000000 0.035083 0.987623 -0.152873 9.717300 0.057344 0.150725 0.986911 -1.180200 0.000000 0.000000 0.000000 1.000000
0.996583 -0.050948 -0.065008 0.000000 0.041050 0.988518 -0.145421 9.717300 0.071670 0.142255 0.987232 -1.180200 0.000000 0.000000 0.000000 1.000000
0.994710 -0.059449 -0.083774 0.000000 0.048829 0.991135 -0.123558 9.717300 0.090377 0.118813 0.988795 -1.180200 0.000000 0.000000 0.000000 1.000000
0.992179 -0.067935 -0.104718 -0.000000 0.058538 0.994189 -0.090341 9.717300 0.110247 0.083504 0.990390 -1.180200 0.000000 0.000000 0.000000 1.000000
0.989433 -0.075660 -0.123684 0.000000 0.069856 0.996272 -0.050613 9.717300 0.127053 0.041438 0.991030 -1.180200 0.000000 0.000000 0.000000 1.000000
0.987227 -0.081629 -0.136822 0.000000 0.080898 0.996663 -0.010901 9.717300 0.137255 -0.000307 0.990536 -1.180200 0.000000 0.000000 0.000000 1.000000
0.986211 -0.085316 -0.141804 0.000000 0.089218 0.995783 0.021379 9.717300 0.139382 -0.033736 0.989664 -1.180200 0.000000 0.000000 0.000000 1.000000
0.986571 -0.086784 -0.138367 -0.000000 0.093066 0.994873 0.039582 9.717300 0.134222 -0.051928 0.989590 -1.180200 0.000000 0.000000 0.000000 1.000000
0.988093 -0.085378 -0.127996 -0.000000 0.091142 0.995040 0.039868 9.717300 0.123957 -0.051059 0.990973 -1.180200 0.000000 0.000000 0.000000 1.000000
0.990200 -0.082108 -0.112966 0.000000 0.085165 0.996113 0.022505 9.717300 0.110679 -0.031906 0.993344 -1.180200 0.000000 0.000000 0.000000 1.000000
0.992413 -0.077618 -0.095355 0.000000 0.077269 0.996983 -0.007354 9.717300 0.095638 -0.000070 0.995416 -1.180200 0.000000 0.000000 0.000000 1.000000
0.994282 -0.074428 -0.076576 0.000000 0.071431 0.996596 -0.041167 9.717300 0.079379 0.035462 0.996214 -1.180200 0.000000 0.000000 0.000000 1.000000
0.995502 -0.075296 -0.057507 -0.000000 0.071236 0.995024 -0.069660 9.717300 0.062466 0.065250 0.995912 -1.180200 0.000000 0.000000 0.000000 1.000000
0.995850 -0.082229 -0.039006 -0.000000 0.078643 0.993191 -0.085948 9.717300 0.045808 0.082524 0.995536 -1.180200 0.000000 0.000000 0.000000 1.000000
0.995153 -0.095797 -0.022216 0.000000 0.093522 0.991777 -0.087359 9.717300 0.030402 0.084858 0.995929 -1.180200 0.000000 0.000000 0.000000 1.000000
0.993409 -0.114335 -0.008107 -0.000000 0.113410 0.990699 -0.075193 9.717300 0.016628 0.073778 0.997136 -1.180200 0.000000 0.000000 0.000000 1.000000
0.990817 -0.135171 0.003161 0.000000 0.135148 0.989405 -0.053038 9.717300 0.004042 0.052978 0.998587 -1.180200 0.000000 0.000000 0.000000 1.000000
0.987661 -0.156098 0.012581 -0.000000 0.156372 0.987383 -0.024962 9.717300 -0.008526 0.026622 0.999609 -1.180200 0.000000 0.000000 0.000000 1.000000
0.984211 -0.175620 0.022052 0.000000 0.175547 0.984457 0.005245 9.717300 -0.022630 -0.001291 0.999743 -1.180200 0.000000 0.000000 0.000000 1.000000
0.980725 -0.192547 0.033212 0.000000 0.191446 0.980925 0.033691 9.717300 -0.039065 -0.026684 0.998880 -1.180200 0.000000 0.000000 0.000000 1.000000
0.977645 -0.205157 0.046062 -0.000000 0.202541 0.977687 0.055718 9.717300 -0.056465 -0.045143 0.997383 -1.180200 0.000000 0.000000 0.000000 1.000000
0.975634 -0.211561 0.058145 -0.000000 0.207706 0.975968 0.065909 9.717300 -0.070692 -0.052226 0.996130 -1.180200 0.000000 0.000000 0.000000 1.000000
0.975350 -0.210861 0.065042 0.000000 0.207169 0.976516 0.059134 9.717300 -0.075984 -0.044201 0.996129 -1.180200 0.000000 0.000000 0.000000 1.000000
0.976990 -0.204043 0.062099 0.000000 0.202358 0.978776 0.032376 9.717300 -0.067387 -0.019065 0.997545 -1.180200 0.000000 0.000000 0.000000 1.000000
0.979916 -0.193987 0.046191 0.000000 0.194783 0.980755 -0.013369 9.717300 -0.042709 0.022098 0.998843 -1.180200 0.000000 0.000000 0.000000 1.000000
0.982675 -0.184572 0.016836 0.000000 0.185311 0.980023 -0.072218 9.717300 -0.003170 0.074086 0.997247 -1.180200 0.000000 0.000000 0.000000 1.000000
0.983545 -0.179131 -0.023470 0.000000 0.174437 0.975417 -0.134661 9.717300 0.047015 0.128351 0.990614 -1.180200 0.000000 0.000000 0.000000 1.000000
0.981333 -0.179204 -0.069790 0.000000 0.163191 0.967962 -0.190836 9.717300 0.101752 0.175884 0.979138 -1.180200 0.000000 0.000000 0.000000 1.000000
0.976107 -0.183749 -0.115984 -0.000000 0.152980 0.960191 -0.233729 9.717300 0.154315 0.210401 0.965359 -1.180200 0.000000 0.000000 0.000000 1.000000
0.969352 -0.189527 -0.156319 0.000000 0.144725 0.954690 -0.260041 9.717300 0.198521 0.229448 0.952860 -1.180200 0.000000 0.000000 0.000000 1.000000
0.963414 -0.192111 -0.186888 0.000000 0.137996 0.953320 -0.268586 9.717300 0.229762 0.232969 0.944952 -1.180200 0.000000 0.000000 0.000000 1.000000
0.960096 -0.189425 -0.205754 0.000000 0.133319 0.956716 -0.258689 9.717300 0.245850 0.220935 0.943793 -1.180200 0.000000 0.000000 0.000000 1.000000
0.960256 -0.179635 -0.213636 -0.000000 0.129430 0.964690 -0.229392 9.717300 0.247299 0.192624 0.949599 -1.180200 0.000000 0.000000 0.000000 1.000000
0.963585 -0.161199 -0.213349 -0.000000 0.123069 0.975686 -0.181357 9.717300 0.237397 0.148496 0.959996 -1.180200 0.000000 0.000000 0.000000 1.000000
0.968662 -0.136185 -0.207721 0.000000 0.112801 0.986273 -0.120591 9.717300 0.221292 0.093381 0.970726 -1.180200 0.000000 0.000000 0.000000 1.000000
0.973941 -0.109118 -0.198828 -0.000000 0.099156 0.993296 -0.059418 9.717300 0.203979 0.038154 0.978231 -1.180200 0.000000 0.000000 0.000000 1.000000
0.978198 -0.089844 -0.187237 -0.000000 0.088787 0.995952 -0.014044 9.717300 0.187741 -0.002886 0.982214 -1.180200 0.000000 0.000000 0.000000 1.000000
0.981687 -0.078057 -0.173776 0.000000 0.080005 0.996785 0.004223 9.717300 0.172888 -0.018048 0.984776 -1.180200 0.000000 0.000000 0.000000 1.000000
0.985176 -0.066800 -0.158004 -0.000000 0.066550 0.997759 -0.006881 9.717300 0.158109 -0.003736 0.987415 -1.180200 0.000000 0.000000 0.000000 1.000000
0.988498 -0.061809 -0.138025 0.000000 0.056512 0.997519 -0.041975 9.717300 0.140277 0.033692 0.989539 -1.180200 0.000000 0.000000 0.000000 1.000000
0.991370 -0.064061 -0.114375 0.000000 0.054155 0.994673 -0.087709 9.717300 0.119384 0.080758 0.989558 -1.180200 0.000000 0.000000 0.000000 1.000000
0.993731 -0.068049 -0.088699 0.000000 0.056326 0.990102 -0.128553 9.717300 0.096569 0.122751 0.987728 -1.180200 0.000000 0.000000 0.000000 1.000000
0.995432 -0.071436 -0.063348 0.000000 0.060999 0.986242 -0.153639 9.717300 0.073451 0.149073 0.986094 -1.180200 0.000000 0.000000 0.000000 1.000000
0.996371 -0.074609 -0.040963 0.000000 0.067214 0.984971 -0.159106 9.717300 0.052218 0.155775 0.986411 -1.180200 0.000000 0.000000 0.000000 1.000000
0.996606 -0.078901 -0.023467 -0.000000 0.074617 0.986284 -0.147228 9.717300 0.034761 0.144977 0.988824 -1.180200 0.000000 0.000000 0.000000 1.000000
0.996233 -0.085916 -0.011796 0.000000 0.083805 0.988761 -0.123811 9.717300 0.022300 0.122356 0.992236 -1.180200 0.000000 0.000000 0.000000 1.000000
0.995343 -0.096236 -0.005578 0.000000 0.095272 0.990893 -0.095157 9.717300 0.014685 0.094183 0.995447 -1.180200 0.000000 0.000000 0.000000 1.000000
0.994112 -0.108313 -0.003019 0.000000 0.107881 0.991983 -0.065809 9.717300 0.010123 0.065096 0.997828 -1.180200 0.000000 0.000000 0.000000 1.000000
0.992953 -0.118503 -0.001162 0.000000 0.118375 0.992248 -0.037831 9.717300 0.005636 0.037426 0.999283 -1.180200 0.000000 0.000000 0.000000 1.000000
0.992498 -0.122210 0.003474 0.000000 0.122243 0.992428 -0.011929 9.717300 -0.001990 0.012264 0.999923 -1.180200 0.000000 0.000000 0.000000 1.000000
0.993109 -0.116382 0.013775 0.000000 0.116249 0.993169 0.010086 9.717300 -0.014855 -0.008415 0.999854 -1.180200 0.000000 0.000000 0.000000 1.000000
0.994398 -0.101053 0.031006 0.000000 0.100369 0.994687 0.022867 9.717300 -0.033152 -0.019627 0.999258 -1.180200 0.000000 0.000000 0.000000 1.000000
0.995346 -0.079904 0.053862 0.000000 0.079076 0.996718 0.017346 9.717300 -0.055071 -0.013006 0.998398 -1.180200 0.000000 0.000000 0.000000 1.000000
0.995181 -0.058881 0.078413 0.000000 0.060294 0.998056 -0.015770 9.717300 -0.077332 0.020422 0.996796 -1.180200 0.000000 0.000000 0.000000 1.000000
0.994094 -0.043412 0.099461 0.000000 0.051472 0.995468 -0.079958 9.717300 -0.095540 0.084606 0.991824 -1.180200 0.000000 0.000000 0.000000 1.000000
0.992986 -0.036045 0.112607 -0.000000 0.055355 0.983298 -0.173380 9.717300 -0.104477 0.178397 0.978396 -1.180200 0.000000 0.000000 0.000000 1.000000
0.992678 -0.035092 0.115578 0.000000 0.063891 0.964596 -0.255875 9.717300 -0.102507 0.261385 0.959776 -1.180200 0.000000 0.000000 0.000000 1.000000
0.993042 -0.036687 0.111899 0.000000 0.066857 0.957882 -0.279270 9.717300 -0.096941 0.284808 0.953670 -1.180200 0.000000 0.000000 0.000000 1.000000
0.993610 -0.039597 0.105693 -0.000000 0.067844 0.957917 -0.278911 9.717300 -0.090201 0.284300 0.954483 -1.180200 0.000000 0.000000 0.000000 1.000000
